0 0 29
1.000000e+00
7.949817e-01
6.368873e-01
5.182964e-01
4.247514e-01
3.550114e-01
2.912532e-01
2.384640e-01
1.952121e-01
1.593014e-01
1.287629e-01
1.030327e-01
8.318846e-02
6.610573e-02
5.207375e-02
4.093405e-02
3.132047e-02
2.411376e-02
1.847578e-02
1.432964e-02
1.152718e-02
9.291087e-03
7.283563e-03
5.501008e-03
3.923236e-03
2.540958e-03
1.450253e-03
6.334858e-04
1.181379e-04
0 1 23
1.000000e+00
7.949913e-01
6.274355e-01
4.880699e-01
3.905153e-01
3.180782e-01
2.633947e-01
2.159327e-01
1.790347e-01
1.450080e-01
1.140067e-01
8.790217e-02
6.545023e-02
4.607666e-02
3.059576e-02
2.035699e-02
1.516763e-02
1.134212e-02
8.191737e-03
5.449106e-03
3.269523e-03
1.447233e-03
3.301699e-04
0 2 24
1.000000e+00
8.021716e-01
6.249884e-01
4.905367e-01
3.939669e-01
3.181235e-01
2.582208e-01
2.087869e-01
1.663175e-01
1.294201e-01
9.988214e-02
7.653525e-02
5.609830e-02
4.027766e-02
2.897060e-02
2.245936e-02
1.672635e-02
1.269350e-02
9.674647e-03
7.002979e-03
4.680601e-03
2.733770e-03
1.223844e-03
2.788151e-04
0 3 20
1.000000e+00
7.803019e-01
6.124362e-01
4.821194e-01
3.805921e-01
2.903862e-01
2.192501e-01
1.641415e-01
1.216061e-01
8.689519e-02
6.120714e-02
4.178562e-02
2.904408e-02
1.984329e-02
1.223823e-02
8.145350e-03
5.342087e-03
3.194669e-03
1.618841e-03
4.733166e-04
0 4 22
1.000000e+00
7.999760e-01
6.210717e-01
4.716919e-01
3.621952e-01
2.712013e-01
2.118431e-01
1.593815e-01
1.184823e-01
8.321906e-02
6.002109e-02
4.031999e-02
2.822841e-02
2.008674e-02
1.532010e-02
1.115727e-02
7.991992e-03
5.577495e-03
3.575038e-03
1.937765e-03
7.598455e-04
3.622408e-05
1 0 22
1.000000e+00
8.235467e-01
6.856441e-01
5.598159e-01
4.638552e-01
3.858578e-01
3.201273e-01
2.629572e-01
2.066071e-01
1.543456e-01
1.114556e-01
7.746095e-02
5.261815e-02
3.440374e-02
2.241076e-02
1.423835e-02
9.336956e-03
5.889944e-03
3.705925e-03
1.973522e-03
8.751005e-04
1.715923e-04
1 1 24
1.000000e+00
8.408129e-01
6.948449e-01
5.802844e-01
4.809862e-01
3.880523e-01
3.052419e-01
2.317971e-01
1.719584e-01
1.287206e-01
9.756417e-02
7.591182e-02
6.058991e-02
4.690132e-02
3.610356e-02
2.727622e-02
1.998026e-02
1.410311e-02
9.469331e-03
6.234886e-03
3.704539e-03
1.921187e-03
8.187890e-04
1.680250e-04
1 2 22
1.000000e+00
7.961334e-01
6.142308e-01
4.881924e-01
3.918808e-01
3.204403e-01
2.604380e-01
2.094839e-01
1.651394e-01
1.281271e-01
9.552532e-02
6.772915e-02
4.697440e-02
3.261734e-02
2.065381e-02
1.414001e-02
9.606249e-03
6.573644e-03
4.064984e-03
2.419616e-03
1.171000e-03
2.918105e-04
1 3 19
1.000000e+00
7.644348e-01
5.865530e-01
4.307359e-01
3.144777e-01
2.331548e-01
1.785614e-01
1.307852e-01
9.361210e-02
6.347430e-02
4.266215e-02
3.019841e-02
1.971219e-02
1.284435e-02
8.183852e-03
5.445872e-03
3.278604e-03
1.682936e-03
5.556824e-04
1 4 19
1.000000e+00
8.134198e-01
6.451435e-01
5.090655e-01
4.047540e-01
3.127405e-01
2.412346e-01
1.866838e-01
1.386955e-01
9.962877e-02
6.749493e-02
4.375745e-02
2.645888e-02
1.629380e-02
9.963309e-03
6.431131e-03
3.972844e-03
1.969424e-03
5.723909e-04
2 0 23
1.000000e+00
8.124971e-01
6.434845e-01
5.265417e-01
4.207576e-01
3.327657e-01
2.596750e-01
2.052229e-01
1.677715e-01
1.361952e-01
1.077452e-01
8.212441e-02
6.054157e-02
4.222070e-02
3.064407e-02
2.078144e-02
1.414247e-02
9.529508e-03
6.749155e-03
4.520850e-03
2.645759e-03
1.325737e-03
4.030072e-04
2 1 20
1.000000e+00
8.196009e-01
6.562823e-01
5.173030e-01
4.106380e-01
3.199113e-01
2.519030e-01
1.972112e-01
1.542615e-01
1.162756e-01
8.646715e-02
6.129479e-02
3.976398e-02
2.421796e-02
1.449546e-02
8.485748e-03
5.731703e-03
3.468269e-03
1.802493e-03
5.294223e-04
2 2 18
1.000000e+00
7.584239e-01
5.710624e-01
4.084827e-01
2.906615e-01
2.107569e-01
1.547814e-01
1.151549e-01
8.300799e-02
5.533112e-02
3.695096e-02
2.438517e-02
1.586842e-02
8.998089e-03
5.962628e-03
3.672927e-03
1.920078e-03
4.393835e-04
2 3 21
1.000000e+00
8.595625e-01
7.293592e-01
5.949214e-01
4.692218e-01
3.625391e-01
2.705550e-01
1.997313e-01
1.421704e-01
1.001580e-01
6.879157e-02
4.831388e-02
3.416379e-02
2.475908e-02
1.748142e-02
1.189591e-02
8.157272e-03
5.362115e-03
3.297062e-03
1.698325e-03
4.550673e-04
2 4 19
1.000000e+00
7.513246e-01
5.357752e-01
3.685838e-01
2.634374e-01
2.026791e-01
1.493860e-01
1.117705e-01
8.580672e-02
6.464300e-02
4.627371e-02
3.170579e-02
2.111304e-02
1.333432e-02
8.187234e-03
4.979242e-03
3.146803e-03
1.690061e-03
5.702862e-04
